12341234
22341234
32341234
42341234
12341234
22341234
32341234
42341234
12341234
22341234
32341234
42341234
12341234
12341234
22341234
32341234
42341234
12341234
12341234
22341234
32341234
42341234
12341234
12341234
22341234
32341234
42341234
12341234
12341234
22341234
32341234
42341234
12341234
12341234
22341234
32341234
42341234
12341234
12341234
22341234
32341234
42341234
12341234
12341234
22341234
32341234
42341234
12341234
12341234
22341234
32341234
42341234
12341234
22341234
32341234
42341234
12341234
12341234
22341234
32341234
42341234
12341234
12341234
12341234
22341234
32341234
42341234
12341234
12341234
12341234
22341234
32341234
42341234
12341234
12341234
12341234
22341234
32341234
42341234
12341234
12341234
12341234
22341234
32341234
42341234
12341234
12341234
12341234
22341234
32341234
42341234
12341234
12341234
12341234
22341234
32341234
42341234
12341234
12341234
12341234
22341234
32341234
42341234
12341234
12341234
12341234
22341234
32341234
42341234
12341234
12341234
12341234
22341234
32341234
42341234
12341234
12341234
12341234
22341234
32341234
42341234
12341234
12341234
12341234
22341234
32341234
42341234
12341234
12341234
22341234
32341234
42341234
12341234
12341234
22341234
32341234
42341234
12341234123412342234123432341234423412341234123412341234223412343234123442341234